90 90 90 90 90 90 90 90 90 90 
90 90 90 90 90 90 90 90 90 90 
90 90 90 90 90 90 90 90 90 90 
90 90 90 90 90 90 90 90 90 90 
90 90 90 90 90 90 90 90 90 90 
90 90 90 90 90 90 90 90 90 90 
90 90 90 90 90 90 90 90 90 90 
90 90 90 90 90 90 90 90 90 90 
90 90 90 90 90 90 90 90 90 90 
90 90 90 90 90 90 90 90 90 90 
90 90 90 90 90 90 90 90 90 90 
90 90 90 90 90 90 90 90 90 90 
90 90 90 90 90 90 90 90 90 90 
90 90 90 90 90 90 90 90 90 90 
90 90 90 90 90 90 90 90 90 90 
90 90 90 90 90 90 90 90 90 90 
90 90 90 90 90 90 90 90 90 90 
90 90 90 90 90 90 90 90 90 90 
90 90 90 90 90 90 90 90 90 90 
90 90 90 90 90 90 90 90 90 90 
90 90 90 90 90 90 90 90 48 8d 
6c 24 10 48 c7 c1 ae 11 40 00 
48 89 4c 24 f8 b8 f5 56 9f 6f 
48 c7 c1 33 12 40 00 ff e1 f3 
00 00 00 00 00 00 00 00 00 00 
00 00 00 00 00 00 00 00 00 00 
00 00 00 00 00 00 00 00 00 00 
00 00 00 00 00 00 00 00 00 00 
00 00 00 00 00 00 00 00 00 00 
00 00 00 00 00 00 00 00 00 00 
00 00 00 00 00 00 00 00 00 00 
00 00 00 00 00 00 00 00 00 00 
00 00 00 00 00 00 00 00 00 00 
00 00 00 00 00 00 00 00 00 00 
00 00 00 00 00 00 00 00 00 00 
00 00 00 00 00 00 00 00 00 00 
00 00 00 00 00 00 00 00 00 00 
00 00 00 00 00 00 00 00 00 00 
00 00 00 00 00 00 00 00 00 00 
00 00 00 00 00 00 00 00 00 00 
00 00 00 00 00 00 00 00 00 00 
00 00 00 00 00 00 00 00 00 00 
00 00 00 00 00 00 00 00 00 00 
00 00 00 00 00 00 00 00 00 00 
00 00 00 00 00 00 00 00 00 00 
00 00 00 00 00 00 00 00 00 00 
00 00 00 00 00 00 00 00 00 00 
00 00 00 00 00 00 00 00 00 00 
00 00 00 00 00 00 00 00 00 00 
00 00 00 00 00 00 00 00 00 00 
00 00 00 00 00 00 00 00 00 00 
00 00 00 00 00 00 00 00 00 00 
e0 31 68 55 00 00 00 00 
